10101010110011001111000010100101 10111100000011101 11111111111111111
10001000111100001010101010101010 10010101000101010 11111111111111111
11110000100011111000111100001111 10001010100011111 11111111111111111
11001111101100011011000111110000 10100000100001111 11111111111111111
10111000101111101001100110011001 10010001000101001 11111111111111111
11110011110011111100111100001111 11001001110001100 11111111111111111
10000111111000111110001111001100 10101101110000001 11111111111111111
11111111111100000111111100000000 10110111000010000 11111111111111111
10111011101110111011101110111011 10100010001010100 11111111111111111
11100011111000111110001111100011 11010110100101100 11111111111111111
