10101010 11001100 1111000010100101 010111100000011101
10001000 11110000 1010101010101010 010010101000101010
11110000 10001111 1000111100001111 010001010100011111
11001111 10110001 1011000111110000 010100000100001111
10111000 10111110 1001100110011001 010010001000101001
11110011 11001111 1100111100001111 011001001110001100
10000111 11100011 1110001111001100 010101101110000001
11111111 11110000 0111111100000000 010110111000010000
10111011 10111011 1011101110111011 010100010001010100
11100011 11100011 1110001111100011 011010110100101100
